=== Q2: Filter Coefficients ===

High-pass Filter (8th-order Butterworth):
Cutoff Frequency: 3225.1032 Hz
Sample Rate: 22050 Hz

Numerator Coefficients (b):
  b[0] = 8.458994789178043e-2
  b[1] = -6.767195831342434e-1
  b[2] = 2.368518540969852e0
  b[3] = -4.737037081939704e0
  b[4] = 5.921296352424630e0
  b[5] = -4.737037081939704e0
  b[6] = 2.368518540969852e0
  b[7] = -6.767195831342434e-1
  b[8] = 8.458994789178043e-2

Denominator Coefficients (a):
  a[0] = 1.000000000000000e0
  a[1] = -3.303991274555306e0
  a[2] = 5.499961807757008e0
  a[3] = -5.642076502267674e0
  a[4] = 3.840150223836330e0
  a[5] = -1.751684112239763e0
  a[6] = 5.191631989026180e-1
  a[7] = -9.084398901085539e-2
  a[8] = 7.155551726233294e-3


Low-pass Filter (8th-order Butterworth):
Cutoff Frequency: 4000.0000 Hz
Sample Rate: 22050 Hz

Numerator Coefficients (b):
  b[0] = 1.221302190550379e-3
  b[1] = 9.770417524403030e-3
  b[2] = 3.419646133541061e-2
  b[3] = 6.839292267082121e-2
  b[4] = 8.549115333852651e-2
  b[5] = 6.839292267082121e-2
  b[6] = 3.419646133541061e-2
  b[7] = 9.770417524403030e-3
  b[8] = 1.221302190550379e-3

Denominator Coefficients (a):
  a[0] = 1.000000000000000e0
  a[1] = -2.182803717235219e0
  a[2] = 2.990304913083172e0
  a[3] = -2.530910169286827e0
  a[4] = 1.500195796490402e0
  a[5] = -6.009034249791099e-1
  a[6] = 1.603748944005234e-1
  a[7] = -2.545031672786035e-2
  a[8] = 1.845385035817038e-3
