=== Q2: Filter Coefficients ===

High-pass Filter (8th-order Butterworth):
Cutoff Frequency: 3000.1823 Hz
Sample Rate: 22050 Hz

Numerator Coefficients (b):
  b[0] = 1.020266306346399e-1
  b[1] = -8.162130450771192e-1
  b[2] = 2.856745657769917e0
  b[3] = -5.713491315539835e0
  b[4] = 7.141864144424793e0
  b[5] = -5.713491315539835e0
  b[6] = 2.856745657769917e0
  b[7] = -8.162130450771192e-1
  b[8] = 1.020266306346399e-1

Denominator Coefficients (a):
  a[0] = 1.000000000000000e0
  a[1] = -3.629963587875275e0
  a[2] = 6.427310293207756e0
  a[3] = -6.941844477387876e0
  a[4] = 4.931086451100364e0
  a[5] = -2.334617349294000e0
  a[6] = 7.148214475316044e-1
  a[7] = -1.287643669116860e-1
  a[8] = 1.040946915925804e-2


Low-pass Filter (8th-order Butterworth):
Cutoff Frequency: 4000.0000 Hz
Sample Rate: 22050 Hz

Numerator Coefficients (b):
  b[0] = 1.221302190550379e-3
  b[1] = 9.770417524403030e-3
  b[2] = 3.419646133541061e-2
  b[3] = 6.839292267082121e-2
  b[4] = 8.549115333852651e-2
  b[5] = 6.839292267082121e-2
  b[6] = 3.419646133541061e-2
  b[7] = 9.770417524403030e-3
  b[8] = 1.221302190550379e-3

Denominator Coefficients (a):
  a[0] = 1.000000000000000e0
  a[1] = -2.182803717235219e0
  a[2] = 2.990304913083172e0
  a[3] = -2.530910169286827e0
  a[4] = 1.500195796490402e0
  a[5] = -6.009034249791099e-1
  a[6] = 1.603748944005234e-1
  a[7] = -2.545031672786035e-2
  a[8] = 1.845385035817038e-3
